20
20
1
-0.467874334
0.9560695983
0.945114592
-0.5856828608
-0.2197842908
0.7412739762
0.8561450015
-0.2506080597
-0.3875654359
0.7227661706
-0.8952575936
-0.8280360338
-0.199619281
0.7911731816
-0.6504103379
0.3242215012
0.4161482748
0.4175233038
0.224579553
-0.3657051544
-0.2339371494
0.4780347083
0.4725572189
-0.2928414558
-0.109892088
0.3706369566
0.4280725735
-0.1253040567
-0.1937826283
0.3613831611
-0.4476288148
-0.4140179966
-0.0998095474
0.3955866547
-0.3252050841
0.1621107432
0.2080741577
0.208761745
0.112289787
-0.1828526017
